# Frame list with one line of data per frame:
#   FRAME_ID, RIG_ID, RIG_FROM_WORLD[QW, QX, QY, QZ, TX, TY, TZ], NUM_DATA_IDS, DATA_IDS[] as (SENSOR_TYPE, SENSOR_ID, DATA_ID)
# Number of frames: 100
1 1 0.037427218519378358 -0.030433587700270166 0.58051100152351132 0.81282222974261897 -0.12039608445406147 -1.454810112091713 1.9887620900231533 1 CAMERA 1 1
2 1 0.16971056047913016 -0.092975179258804205 0.73898878752261987 0.64532899641926922 0.057997934373457891 -2.3348268613424135 2.8738708057629849 1 CAMERA 1 2
3 1 0.96747581583295561 0.18537852538594227 0.070405620676189287 0.15706176072262543 0.34667474530049797 -0.70213299408679197 1.6885148109235077 1 CAMERA 1 3
4 1 -0.21759144224401006 0.052015321854273086 0.70773163787247306 0.67012260020754022 -0.3900778635086925 -2.3043203309586149 2.8711801706882127 1 CAMERA 1 4
5 1 0.66537141574008873 -0.16104542741746414 0.47437633077354868 0.55345491797054369 0.54579822571896064 -1.9805356277706088 2.4928321293496984 1 CAMERA 1 5
6 1 0.68020593544848695 -0.25713470828946744 0.51030554345017254 0.4591185897974111 0.56843159132029675 -2.4054283376585541 3.1095890021090176 1 CAMERA 1 6
7 1 -0.0036234241976102056 -0.025359105110119719 0.27769660529678708 0.96032722651799196 -0.179942501467796 0.31279211486062269 1.599246520470234 1 CAMERA 1 7
8 1 0.95580375054254674 -0.26315608976602989 0.10498856351002044 0.078520471215836191 0.30418730384806791 -2.5433218274181768 3.3091786266730154 1 CAMERA 1 8
9 1 0.33888054038215476 -0.18154696275432713 0.73176422546541509 0.56278041720903804 0.27944346486494653 -2.5042122393029871 3.2112846787268228 1 CAMERA 1 9
10 1 -0.4006224441653668 0.047844835413338165 0.54576825082716551 0.73440421114281074 -0.52287221592660815 -1.8103398292668054 2.3183590556383518 1 CAMERA 1 10
11 1 0.85951709945900678 -0.3526134274816195 0.2934037194011343 0.22540715148109466 0.50517548478214502 -2.6408965593948923 3.7155026113328229 1 CAMERA 1 11
12 1 0.55222866440571661 -0.0090419661556866027 -0.40896456039485379 -0.72643632439310324 -0.57615589637458631 -1.4326807277122375 2.0478863441396906 1 CAMERA 1 12
13 1 0.59200500035529791 -0.28228563150619396 -0.60356382652186746 -0.45338240935633373 -0.57452880432149311 -2.6810745703455758 4.0194413943258551 1 CAMERA 1 13
14 1 0.077278447357027089 -0.049104927099250219 0.6916075902201666 0.71644657083310737 -0.065936576738640201 -2.0632761253214356 2.5062354020188664 1 CAMERA 1 14
15 1 0.93044321612715319 0.080042327118177339 0.15336028515885466 0.32303137675535692 0.49799699097299016 -1.0468028231575259 1.832177450934056 1 CAMERA 1 15
16 1 0.56617476757534368 -0.1385505242968606 0.52186942102245593 0.6228179446513703 0.47461714140274452 -1.8736056179961054 2.3671338259023451 1 CAMERA 1 16
17 1 0.99730297864834028 0.06426852352688614 0.011328584987502579 -0.033585544881736637 0.14311048184160319 -1.4494611350475919 1.9928897975547175 1 CAMERA 1 17
18 1 -0.15455353182125359 -0.010095502005736065 0.53173182897788929 0.83262989899033646 -0.32417755139088672 -1.2975350167512709 1.9199474285627087 1 CAMERA 1 18
19 1 0.99914767317787156 -0.0040590468509961435 0.03696731230661765 0.017912820624678291 0.20477911105013438 -1.731309403285473 2.1963072643200232 1 CAMERA 1 19
20 1 -0.096938333805046351 0.016648245777024631 0.77740518934009761 0.62126239781491388 -0.2683493332276205 -2.489956686475709 3.1765434876872369 1 CAMERA 1 20
21 1 0.98449303884930728 0.16777844098253231 0.036531316540629945 0.035907020351674847 0.22076128881896986 -0.89733162365875307 1.7346514506514972 1 CAMERA 1 21
22 1 -0.10674516516637357 0.0044563066376504352 0.67563709624299562 0.72945193482853132 -0.27805399826443933 -2.039130056987144 2.5021024174860074 1 CAMERA 1 22
23 1 0.32866502036996664 -0.18051464607803377 0.73930668759499785 0.55930259128118109 0.2696246578292118 -2.52105302341602 3.2469872155156381 1 CAMERA 1 23
24 1 0.74494434779385299 -0.30366438324327405 -0.4450436387549947 -0.39342346224289521 -0.48141284439134607 -2.6805433703471881 3.889080936125628 1 CAMERA 1 24
25 1 0.43099523639834714 -0.091514035669924512 0.53791034513551728 0.71869377906972698 0.34371979975109157 -1.576340895972177 2.0952069820218391 1 CAMERA 1 25
26 1 0.98532239845821812 -0.06832344363216257 -0.060111395136117844 -0.14442402266097137 -0.0078324038974036756 -2.0425765795405182 2.4792526537859731 1 CAMERA 1 26
27 1 0.60287109146705742 -0.14350213411400167 -0.51739169335690116 -0.59013508641947787 -0.58091382418243742 -2.2936433345031531 2.9139996202466714 1 CAMERA 1 27
28 1 0.098768920617740619 -0.051549165615111997 0.66492734023843747 0.73855197247575588 -0.041182896494873243 -1.927654105442004 2.3637191405598306 1 CAMERA 1 28
29 1 0.91143095517193828 -0.17439977773483287 0.2441071003335204 0.28158489847143742 0.50818442039906431 -2.1879648965998264 2.7332451651675709 1 CAMERA 1 29
30 1 0.40412637010984098 -0.17608260789340238 0.67178812339760463 0.59529615271831471 0.339681686273554 -2.3318945235443476 2.9023311887495051 1 CAMERA 1 30
31 1 0.3333569235261582 -0.084370844044920484 0.57682737353728641 0.74096214704288288 0.23488083287609476 -1.6303243355781758 2.131559512709825 1 CAMERA 1 31
32 1 -0.041432892802313465 -0.016758749926365467 0.62332192081199078 0.78068703251058802 -0.20773463739385903 -1.7216269755982581 2.1891021071056986 1 CAMERA 1 32
33 1 0.51659949110802084 -0.19131894558652243 -0.62761372353002454 -0.5501118439766346 -0.57616961959480806 -2.5481704903462119 3.4451193170357861 1 CAMERA 1 33
34 1 -0.049482796399242225 -0.0037880511475498675 0.79389042801503973 0.60603225313106213 -0.21277595261675045 -2.5314876907921318 3.2577999332510892 1 CAMERA 1 34
35 1 0.86586772527706313 -0.38196931560588993 -0.23742804482583404 -0.21909004493421033 -0.20736949123678031 -2.7487646511981341 4.1984754634585224 1 CAMERA 1 35
36 1 0.51631348237620733 -0.06903641379152789 -0.50508151873189 -0.68814752845799443 -0.57134986058319193 -1.9031879991704161 2.4204212601704 1 CAMERA 1 36
37 1 0.50677912550649118 -0.17790413256720175 0.59805305791806351 0.59485929217020794 0.43523278035262175 -2.1810115274980064 2.6993196150656589 1 CAMERA 1 37
38 1 0.55656228334956759 -0.15347788675017135 0.54187662568107164 0.6107803906249063 0.46942897952065921 -1.9795292378625133 2.471278104185926 1 CAMERA 1 38
39 1 0.22669750573825637 -0.011380736465839199 0.40195162499131959 0.88708151310710226 0.093200617561924867 -0.42594007790279032 1.60696373165533 1 CAMERA 1 39
40 1 0.87678083289376774 -0.44765048478199837 -0.12759534941345793 -0.12076357626623256 -0.032513804626673422 -2.7532374163460158 4.522888993934874 1 CAMERA 1 40
41 1 0.29631787972621459 0.033981473338870485 0.2746573145281217 0.91411396072944906 0.17405599461006876 0.30027845006540671 1.5969370874551774 1 CAMERA 1 41
42 1 0.88915921697147449 -0.36469881354497474 -0.19528457876646224 -0.19558782060641536 -0.1527586277793499 -2.74230174503084 4.0616245239730864 1 CAMERA 1 42
43 1 0.57690881980375919 -0.11624524347663953 0.49413191838524484 0.63991945136447326 0.47773711628260473 -1.7135721659628185 2.2299079812580764 1 CAMERA 1 43
44 1 0.37277946095846737 -0.13092567890526741 0.63518809757413031 0.66364901927966891 0.29105737160022505 -2.0549795976714953 2.517602582119411 1 CAMERA 1 44
45 1 0.82015241121954985 -0.42847667963011654 0.32026315734293476 0.20295139179774965 0.51037804353810201 -2.7087365465377107 4.1969051765281931 1 CAMERA 1 45
46 1 -0.075932239630477183 -0.0297411321242569 0.38675433004402915 0.91857000181633486 -0.25537639431099501 -0.36813380662039602 1.6120923922352026 1 CAMERA 1 46
47 1 0.76056067578184861 -0.012735024414968198 -0.30221737271083032 -0.57449972779729941 -0.52160761934847832 -1.6283448831607588 2.1676708530582691 1 CAMERA 1 47
48 1 0.91817314968985064 -0.25346964699553587 0.22094208154794795 0.20951324980019151 0.46142296979029307 -2.4588396800201138 3.1692190297320777 1 CAMERA 1 48
49 1 -0.024959164537642818 -0.024861738107614943 0.46767587925146514 0.88319771628453636 -0.19204117321042188 -0.81354472330909355 1.7059177023229448 1 CAMERA 1 49
50 1 0.48651294499762227 0.0055660036922018817 0.36730101935708004 0.79269422549422486 0.38208020940015175 -0.5556833355699623 1.6597439932753537 1 CAMERA 1 50
51 1 0.68712327151473607 0.035594686754103363 -0.29967780645641928 -0.66089926640542773 -0.56443025914731848 -1.2341569148507683 1.9322025597450412 1 CAMERA 1 51
52 1 -0.30608325196232689 0.11232172727485754 0.73510915340704941 0.59440003787628626 -0.47197889498846601 -2.533244641251073 3.3500352129655697 1 CAMERA 1 52
53 1 0.64963391950509697 -0.12377172056867203 -0.46571171154040042 -0.58802120161608695 -0.57149402481278788 -2.1858968547205668 2.7476887505825505 1 CAMERA 1 53
54 1 0.47882512788487769 -0.21115913427593519 0.64787280840979056 0.55353332423719459 0.42215757553920524 -2.3989864677251345 3.0406299713193143 1 CAMERA 1 54
55 1 0.75986318870235436 -0.35023037490566034 0.43802807613178413 0.32875222199829868 0.57845882324903031 -2.6197558746443663 3.6933352640926138 1 CAMERA 1 55
56 1 0.71781195049561064 0.14819129599133499 0.18552112189016826 0.65449771340372842 0.5642753559236644 0.063561644264516132 1.6338373027174251 1 CAMERA 1 56
57 1 0.78518866781481444 -0.33810185836335177 -0.39178932675012346 -0.3400985338855933 -0.41496723862962964 -2.7141823593386918 4.0570197952923435 1 CAMERA 1 57
58 1 0.75713335274868676 0.075941713266756763 -0.23316206333339376 -0.60548938435265454 -0.52139107987536459 -1.0834404832069044 1.8518262766652402 1 CAMERA 1 58
59 1 0.18830882626120987 -0.041818095756950183 0.53042452134907414 0.82549431250069416 0.054737217278790239 -1.1915029782685305 1.8464538826160926 1 CAMERA 1 59
60 1 0.25984233899529896 -0.1087026801016427 0.6830201618213505 0.67390588716059474 0.1616011265918347 -2.1413949937031762 2.6053069069205335 1 CAMERA 1 60
61 1 0.26818939313336715 -0.076442657139015116 0.59816484352038712 0.75128542482635319 0.15889531467972257 -1.668268703935329 2.1509766735116886 1 CAMERA 1 61
62 1 0.98996851565716992 -0.047036764357019499 -0.044601993087220029 -0.12554100134621138 0.01784955443763039 -1.9570497179732662 2.3894030295420445 1 CAMERA 1 62
63 1 0.90402739832372425 -0.21550526779169063 -0.22527621966945599 -0.29247661015115212 -0.25893241284284263 -2.5108463188458168 3.2175331569316707 1 CAMERA 1 63
64 1 0.95027701164582457 0.22097988551741146 0.07527918518952377 0.20609351181295019 0.38973332343611661 -0.45058755209907969 1.6395270288234656 1 CAMERA 1 64
65 1 0.7903620120818694 0.13187110010996986 -0.17503862858022196 -0.5721008489055408 -0.48061980023947021 -0.80357499210658723 1.7363689055867102 1 CAMERA 1 65
66 1 0.22119144997429549 -0.025500262669625001 0.45769994110156664 0.8607757216474401 0.086849456096770847 -0.7660386285354851 1.6836271250646786 1 CAMERA 1 66
67 1 0.84954017547575555 -0.083865193879785818 -0.27122157850831186 -0.4446200342535051 -0.41747007978204104 -2.0500632542577271 2.534084856807457 1 CAMERA 1 67
68 1 0.9728860883055368 -0.22954665802052659 0.027871916447587672 -0.0049139848084325897 0.1852445361307811 -2.5007177626692383 3.1831107090747892 1 CAMERA 1 68
69 1 0.76915007831284199 -0.21995175081208387 -0.40468016224384246 -0.44301619680587911 -0.48381946390897507 -2.5187475499854899 3.3175050093888219 1 CAMERA 1 69
70 1 0.85422362780509575 -0.44099914602594309 0.23609664276500902 0.14170434777727164 0.43656744823492372 -2.7245444534651333 4.291365873621019 1 CAMERA 1 70
71 1 0.42464350362985359 -0.13001946124079394 0.59859719340766093 0.66667400921896425 0.34557763615322357 -1.9482539242949752 2.4151327727725413 1 CAMERA 1 71
72 1 -0.024766709510539518 -0.01590238371767486 0.78729313606220674 0.61587599579903407 -0.18271110038956181 -2.5005035683193668 3.1843399241405486 1 CAMERA 1 72
73 1 0.54867393959385591 -0.23335740684536951 -0.62509979332865928 -0.5037375080946721 -0.57926604367214096 -2.629535071033068 3.7318643043132274 1 CAMERA 1 73
74 1 0.92130260771468397 -0.32948107529745896 0.16543589442285619 0.12359082035273802 0.37846878592534955 -2.6435707831073332 3.6385211706240006 1 CAMERA 1 74
75 1 0.57992581796982756 0.019736389885428855 0.33514013808689136 0.74227865954061767 0.47026598416868237 -0.57312252158239829 1.6791503790963787 1 CAMERA 1 75
76 1 -0.026107612262071339 -0.017572302341106138 0.70968620315353315 0.70381467718848267 -0.18742927637601919 -2.1629874712781705 2.6361867916072965 1 CAMERA 1 76
77 1 0.9943807340587254 0.067960458603190652 0.052397628723787393 0.061990485587698575 0.25677276123430148 -1.3801825026847039 1.9619762026172707 1 CAMERA 1 77
78 1 0.24142318489861456 -0.044980046394939681 0.52072013787019278 0.81764428649392895 0.11675011276291043 -1.1718406705653905 1.8365206398721479 1 CAMERA 1 78
79 1 0.78898244846711285 -0.11233817219570059 -0.34307822774154023 -0.49717618680734565 -0.48590238389657092 -2.1468602399358736 2.6679087196103048 1 CAMERA 1 79
80 1 0.93180152682554884 -0.30481244596549856 0.1553952279754427 0.12119245237458628 0.36937981118510993 -2.6055482916284776 3.5033148716511029 1 CAMERA 1 80
81 1 0.21271281477833592 -0.08788393230289733 0.67526142470153072 0.70075079820298192 0.1006584772412715 -2.0473482732438888 2.4984618353325225 1 CAMERA 1 81
82 1 0.94845924714509355 0.0532538878870863 -0.10802555960476985 -0.29312038209914454 -0.19214746452210965 -1.507464736556376 2.0299210180566511 1 CAMERA 1 82
83 1 0.2480420635160949 -0.081971342864061728 0.62729277358771274 0.73366178166807539 0.13806069037791549 -1.8156316089033484 2.2712709871185712 1 CAMERA 1 83
84 1 0.85001295876774718 -0.28239329605617919 -0.30581286757855503 -0.32281649011908975 -0.34026449456401275 -2.6485805217402176 3.6373076633576593 1 CAMERA 1 84
85 1 0.38006051871489654 -0.15415094875023644 0.66325664384005201 0.62600488138320165 0.30737850044020071 -2.2311980584803512 2.7432331323674783 1 CAMERA 1 85
86 1 0.93963804891050029 -0.022203242228721068 0.17976952900604351 0.2902934196897104 0.49110539554710925 -1.5811125492117568 2.1296738218466555 1 CAMERA 1 86
87 1 -0.047085437106705354 -0.0094949366415826037 0.73102585018712118 0.68065704591140441 -0.21017267980962298 -2.2715191657278999 2.7847995804019923 1 CAMERA 1 87
88 1 0.82683593211054929 -0.13492090635290063 0.33272405868640337 0.43293578180954029 0.58392636066982162 -1.9172592784124094 2.4352341763875724 1 CAMERA 1 88
89 1 0.41124075322024878 -0.2143334609539681 0.70445830776593932 0.5372901478957951 0.36359519701041898 -2.5200511083315646 3.2719885451131248 1 CAMERA 1 89
90 1 0.90616407331032911 -0.034039886387555562 -0.19152023341722474 -0.37553689375102228 -0.31481226735966411 -1.8723343239854255 2.3310415306590433 1 CAMERA 1 90
91 1 0.62186232689774634 -0.25953212492156902 0.56238644055637999 0.47922000584005336 0.54033473158919432 -2.4467066449881578 3.1830040262735224 1 CAMERA 1 91
92 1 0.96009999098843013 -0.1527374393561424 -0.1203942932473083 -0.20095894127016659 -0.09832026661581994 -2.3374584305325681 2.869613520267738 1 CAMERA 1 92
93 1 -0.42467397309240035 0.083870151017225655 0.58756171014508085 0.68365857788639739 -0.53722879352067265 -2.0996315648883339 2.625888661554034 1 CAMERA 1 93
94 1 0.41922549458588548 -0.20811593437525081 0.69264950607721243 0.54879358986720117 0.36698096997963492 -2.4794383870840666 3.1823142657232983 1 CAMERA 1 94
95 1 0.75067296405385264 -0.3212795911377711 -0.43834347104712085 -0.37566544523992618 -0.4669352953171611 -2.6990128095121069 3.9973464005691928 1 CAMERA 1 95
96 1 0.53908168577553162 -0.21723473977416349 -0.62483944735324692 -0.52132108045613457 -0.57901660269296651 -2.6008119662190046 3.6175186599037379 1 CAMERA 1 96
97 1 -0.45758467387116275 0.19667876015550961 0.68554180667102116 0.53100486141667813 -0.56117171431441404 -2.6208066398073839 3.6782424689640121 1 CAMERA 1 97
98 1 0.98825710938787081 0.15076977373061698 0.024810745782487636 -0.00088767520262679586 0.18043993441199521 -1.0069881592826093 1.7731977003988955 1 CAMERA 1 98
99 1 0.70495018362951123 0.11103335575686935 0.22075781408799999 0.66481788485958693 0.55705211683099332 -0.15316027181608091 1.6370865138821751 1 CAMERA 1 99
100 1 0.98809084942066683 -0.14233607516621716 -0.011014789368687798 -0.057407224393672948 0.10938169134109886 -2.2779322160611222 2.7804916516627713 1 CAMERA 1 100
